dataset               | prec   pd     pf     F1     ROC
----------------------+--------------------------------
camelbefore1          | 0.65   0.42   0.04   0.51   0.76
camelbefore14         | 0.76   0.80   0.09   0.78   0.89
camelbefore30         | 0.83   0.79   0.06   0.81   0.89
camelbefore7          | 0.74   0.69   0.07   0.72   0.88
camelbefore90         | 0.89   0.70   0.05   0.79   0.86
----------------------+--------------------------------
cloudstackbefore1     | 0.66   0.51   0.20   0.57   0.71
cloudstackbefore14    | 0.79   0.99   0.95   0.88   0.54
cloudstackbefore30    | 0.85   1.00   1.00   0.92   0.46
cloudstackbefore7     | 0.77   0.90   0.72   0.83   0.69
cloudstackbefore90    | 0.94   1.00   1.00   0.97   0.43
----------------------+--------------------------------
cocoonbefore1         | 0.00   0.00   0.00   0.00   0.45
cocoonbefore14        | 0.53   0.26   0.03   0.34   0.90
cocoonbefore30        | 0.57   0.72   0.09   0.64   0.91
cocoonbefore7         | 0.40   0.05   0.01   0.09   0.66
cocoonbefore90        | 0.67   0.95   0.11   0.78   0.91
----------------------+--------------------------------
combinedbefore1       | 0.54   0.18   0.03   0.27   0.79
combinedbefore14      | 0.70   0.73   0.13   0.71   0.84
combinedbefore30      | 0.77   0.70   0.11   0.73   0.83
combinedbefore7       | 0.66   0.65   0.12   0.66   0.83
combinedbefore90      | 0.76   0.77   0.19   0.77   0.84
----------------------+--------------------------------
deeplearningbefore1   | 0.76   0.82   0.51   0.79   0.67
deeplearningbefore14  | 0.86   1.00   1.00   0.92   0.45
deeplearningbefore30  | 0.91   1.00   1.00   0.95   0.44
deeplearningbefore7   | 0.80   1.00   1.00   0.89   0.47
deeplearningbefore90  | 0.96   1.00   1.00   0.98   0.41
----------------------+--------------------------------
hadoopbefore1         | 0.00   0.00   0.00   0.00   0.40
hadoopbefore14        | 0.00   0.00   0.00   0.00   0.47
hadoopbefore30        | 0.00   0.00   0.00   0.00   0.48
hadoopbefore7         | 0.00   0.00   0.00   0.00   0.43
hadoopbefore90        | 0.45   0.04   0.01   0.07   0.54
----------------------+--------------------------------
hivebefore1           | 0.00   0.00   0.00   0.00   0.35
hivebefore14          | 0.52   0.35   0.01   0.42   0.64
hivebefore30          | 0.00   0.00   0.00   0.00   0.46
hivebefore7           | 0.00   0.00   0.00   0.00   0.45
hivebefore90          | 0.62   0.53   0.10   0.57   0.82
----------------------+--------------------------------
kafkabefore1          | 0.62   0.49   0.18   0.55   0.71
kafkabefore14         | 0.81   0.89   0.55   0.85   0.75
kafkabefore30         | 0.83   0.98   0.80   0.90   0.74
kafkabefore7          | 0.77   0.83   0.45   0.80   0.73
kafkabefore90         | 0.91   0.98   0.71   0.94   0.78
----------------------+--------------------------------
nodebefore1           | 0.56   0.31   0.16   0.40   0.63
nodebefore14          | 0.76   1.00   1.00   0.87   0.48
nodebefore30          | 0.84   1.00   1.00   0.91   0.48
nodebefore7           | 0.69   0.95   0.89   0.80   0.56
nodebefore90          | 0.93   1.00   1.00   0.96   0.46
----------------------+--------------------------------
ofbizbefore1          | 0.00   0.00   0.00   0.00   0.48
ofbizbefore14         | 0.56   0.69   0.56   0.62   0.57
ofbizbefore30         | 0.62   0.87   0.77   0.72   0.57
ofbizbefore7          | 0.56   0.45   0.27   0.50   0.62
ofbizbefore90         | 0.68   0.98   0.95   0.80   0.52
----------------------+--------------------------------
qpidbefore1           | 0.00   0.00   0.00   0.00   0.46
qpidbefore14          | 0.00   0.00   0.00   0.00   0.47
qpidbefore30          | 0.00   0.00   0.00   0.00   0.47
qpidbefore7           | 0.00   0.00   0.00   0.00   0.48
qpidbefore90          | 0.60   0.32   0.06   0.42   0.66
