This file contains summary statistics (precision, recall, pf, f1, ROC) for the generated models.
Each section contains the ten (prec pd pf F1 ROC) stats calculated for each fold in 10-fold cross validation, with the dataset being cross-validated listed at the top of the section.

camelbefore14
prec  pd    pf    F1    ROC
0.792 0.792 0.072 0.792 0.894
0.752 0.793 0.089 0.772 0.881
0.754 0.797 0.089 0.775 0.883
0.759 0.806 0.088 0.782 0.889
0.772 0.808 0.082 0.79 0.896
0.772 0.794 0.081 0.783 0.89
0.764 0.798 0.085 0.781 0.89
0.757 0.806 0.089 0.781 0.891
0.745 0.803 0.093 0.773 0.891
0.742 0.807 0.096 0.773 0.892

camelbefore1
prec  pd    pf    F1    ROC
0.74 0.481 0.03 0.583 0.788
0.691 0.445 0.033 0.542 0.769
0.675 0.399 0.031 0.501 0.77
0.653 0.401 0.035 0.497 0.763
0.621 0.397 0.04 0.485 0.756
0.622 0.397 0.038 0.484 0.75
0.623 0.403 0.039 0.489 0.746
0.61 0.415 0.042 0.494 0.747
0.619 0.408 0.039 0.492 0.742
0.625 0.413 0.04 0.497 0.748

camelbefore30
prec  pd    pf    F1    ROC
0.852 0.773 0.052 0.81 0.9
0.833 0.78 0.06 0.806 0.886
0.824 0.778 0.065 0.8 0.884
0.832 0.786 0.063 0.808 0.892
0.844 0.782 0.058 0.812 0.894
0.842 0.783 0.058 0.811 0.892
0.832 0.79 0.064 0.811 0.894
0.833 0.797 0.065 0.815 0.896
0.827 0.797 0.066 0.812 0.897
0.828 0.799 0.067 0.813 0.898

camelbefore7
prec  pd    pf    F1    ROC
0.729 0.696 0.074 0.712 0.887
0.746 0.7 0.069 0.723 0.873
0.744 0.692 0.069 0.717 0.873
0.741 0.693 0.072 0.716 0.88
0.748 0.686 0.068 0.716 0.884
0.753 0.695 0.067 0.723 0.881
0.744 0.694 0.07 0.718 0.882
0.745 0.691 0.069 0.717 0.885
0.732 0.698 0.074 0.715 0.886
0.731 0.7 0.074 0.716 0.887

camelbefore90
prec  pd    pf    F1    ROC
0.908 0.692 0.036 0.785 0.872
0.883 0.709 0.048 0.786 0.85
0.889 0.712 0.046 0.791 0.855
0.889 0.713 0.047 0.791 0.86
0.891 0.701 0.045 0.785 0.859
0.89 0.693 0.045 0.779 0.856
0.886 0.701 0.047 0.782 0.858
0.886 0.71 0.048 0.789 0.862
0.885 0.708 0.048 0.787 0.863
0.888 0.71 0.047 0.789 0.866

cloudstackbefore14
prec  pd    pf    F1    ROC
0.769 1 1 0.87 0.5
0.772 1 1 0.871 0.496
0.781 1 1 0.877 0.48
0.787 1 1 0.881 0.474
0.788 0.992 0.959 0.878 0.547
0.79 0.979 0.945 0.875 0.566
0.793 0.982 0.952 0.878 0.554
0.793 0.976 0.905 0.875 0.59
0.799 0.976 0.894 0.879 0.611
0.801 0.968 0.872 0.877 0.623

cloudstackbefore1
prec  pd    pf    F1    ROC
0.725 0.493 0.173 0.587 0.699
0.716 0.489 0.157 0.581 0.723
0.676 0.495 0.182 0.571 0.704
0.633 0.519 0.22 0.57 0.695
0.642 0.518 0.212 0.573 0.712
0.647 0.505 0.207 0.567 0.705
0.646 0.511 0.209 0.57 0.7
0.628 0.512 0.213 0.564 0.702
0.646 0.52 0.21 0.576 0.706
0.652 0.523 0.206 0.58 0.712

cloudstackbefore30
prec  pd    pf    F1    ROC
0.853 1 1 0.92 0.5
0.846 1 1 0.916 0.487
0.852 1 1 0.92 0.477
0.862 1 1 0.926 0.456
0.854 1 1 0.921 0.45
0.858 1 1 0.924 0.449
0.861 1 1 0.925 0.45
0.852 1 1 0.92 0.431
0.854 1 1 0.921 0.434
0.853 1 1 0.921 0.437

cloudstackbefore7
prec  pd    pf    F1    ROC
0.774 0.92 0.682 0.841 0.743
0.764 0.951 0.767 0.848 0.742
0.777 0.897 0.685 0.833 0.707
0.772 0.896 0.719 0.83 0.687
0.765 0.893 0.713 0.824 0.676
0.761 0.904 0.743 0.826 0.671
0.758 0.895 0.753 0.821 0.656
0.755 0.887 0.708 0.815 0.664
0.765 0.891 0.7 0.823 0.668
0.767 0.895 0.695 0.826 0.676

cloudstackbefore90
prec  pd    pf    F1    ROC
0.923 1 1 0.96 0.5
0.929 1 1 0.963 0.476
0.94 1 1 0.969 0.425
0.945 1 1 0.972 0.415
0.939 1 1 0.969 0.41
0.94 1 1 0.969 0.415
0.941 1 1 0.97 0.417
0.936 1 1 0.967 0.402
0.936 1 1 0.967 0.407
0.939 1 1 0.968 0.402

cocoonbefore14
prec  pd    pf    F1    ROC
0.6 0.194 0.023 0.293 0.908
0.571 0.281 0.034 0.376 0.897
0.524 0.286 0.037 0.37 0.896
0.5 0.25 0.035 0.333 0.902
0.5 0.233 0.031 0.318 0.901
0.507 0.241 0.031 0.327 0.903
0.512 0.261 0.032 0.345 0.899
0.531 0.264 0.031 0.353 0.902
0.512 0.283 0.037 0.364 0.9
0.518 0.289 0.037 0.371 0.901

cocoonbefore1
prec  pd    pf    F1    ROC
0 0 0 0 0.5
0 0 0 0 0.419
0 0 0 0 0.429
0 0 0 0 0.441
0 0 0 0 0.45
0 0 0 0 0.453
0 0 0 0 0.458
0 0 0 0 0.45
0 0 0 0 0.45
0 0 0 0 0.446

cocoonbefore30
prec  pd    pf    F1    ROC
0.583 0.677 0.086 0.627 0.907
0.588 0.723 0.096 0.648 0.908
0.548 0.716 0.099 0.621 0.902
0.578 0.733 0.088 0.646 0.908
0.558 0.732 0.09 0.633 0.907
0.564 0.734 0.091 0.638 0.91
0.555 0.742 0.091 0.635 0.905
0.569 0.719 0.086 0.635 0.909
0.571 0.709 0.088 0.632 0.909
0.579 0.721 0.088 0.642 0.91

cocoonbefore7
prec  pd    pf    F1    ROC
0.4 0.16 0.033 0.229 0.884
0.4 0.085 0.017 0.14 0.794
0.4 0.062 0.011 0.107 0.715
0.4 0.047 0.008 0.084 0.667
0.4 0.038 0.007 0.07 0.636
0.4 0.031 0.005 0.058 0.607
0.4 0.028 0.005 0.052 0.59
0.4 0.023 0.004 0.044 0.566
0.4 0.02 0.004 0.039 0.551
0.4 0.018 0.003 0.035 0.544

cocoonbefore90
prec  pd    pf    F1    ROC
0.686 0.921 0.096 0.787 0.913
0.703 0.94 0.101 0.804 0.915
0.669 0.93 0.106 0.778 0.904
0.66 0.947 0.109 0.778 0.906
0.655 0.95 0.107 0.776 0.908
0.656 0.959 0.109 0.779 0.911
0.645 0.956 0.111 0.77 0.908
0.655 0.958 0.107 0.778 0.911
0.669 0.961 0.106 0.789 0.913
0.668 0.966 0.109 0.79 0.914

combinedbefore14
prec  pd    pf    F1    ROC
0.681 0.764 0.148 0.72 0.837
0.687 0.77 0.143 0.726 0.838
0.697 0.733 0.131 0.714 0.838
0.691 0.736 0.135 0.713 0.837
0.691 0.74 0.137 0.715 0.835
0.697 0.725 0.13 0.711 0.836
0.703 0.715 0.124 0.709 0.836
0.705 0.707 0.122 0.706 0.837
0.71 0.698 0.118 0.704 0.836
0.707 0.706 0.121 0.706 0.836

combinedbefore1
prec  pd    pf    F1    ROC
0.525 0.146 0.024 0.229 0.784
0.54 0.155 0.024 0.241 0.786
0.547 0.169 0.025 0.258 0.789
0.521 0.195 0.032 0.284 0.788
0.534 0.195 0.031 0.285 0.789
0.545 0.195 0.029 0.287 0.791
0.545 0.196 0.029 0.288 0.79
0.541 0.193 0.029 0.284 0.789
0.547 0.193 0.029 0.285 0.789
0.55 0.191 0.028 0.283 0.79

combinedbefore30
prec  pd    pf    F1    ROC
0.774 0.67 0.103 0.718 0.829
0.762 0.715 0.114 0.738 0.83
0.765 0.71 0.112 0.737 0.831
0.766 0.702 0.11 0.733 0.832
0.767 0.699 0.109 0.731 0.83
0.763 0.707 0.112 0.733 0.831
0.766 0.706 0.11 0.735 0.831
0.764 0.705 0.111 0.734 0.831
0.766 0.704 0.11 0.734 0.831
0.766 0.701 0.11 0.732 0.83

combinedbefore7
prec  pd    pf    F1    ROC
0.651 0.639 0.118 0.645 0.829
0.648 0.651 0.121 0.649 0.827
0.651 0.653 0.12 0.652 0.827
0.655 0.653 0.117 0.654 0.828
0.66 0.653 0.116 0.656 0.828
0.66 0.655 0.115 0.658 0.829
0.662 0.657 0.115 0.659 0.829
0.662 0.656 0.115 0.659 0.829
0.663 0.656 0.114 0.659 0.829
0.663 0.655 0.115 0.659 0.828

combinedbefore90
prec  pd    pf    F1    ROC
0.769 0.773 0.191 0.771 0.851
0.763 0.77 0.194 0.766 0.844
0.766 0.774 0.192 0.77 0.844
0.764 0.772 0.193 0.768 0.844
0.764 0.768 0.194 0.766 0.842
0.762 0.767 0.194 0.765 0.842
0.762 0.769 0.196 0.765 0.843
0.761 0.771 0.196 0.766 0.843
0.761 0.773 0.197 0.767 0.844
0.763 0.772 0.196 0.767 0.844

deeplearningbefore14
prec  pd    pf    F1    ROC
0.875 1 1 0.933 0.5
0.854 1 1 0.921 0.458
0.854 1 1 0.921 0.463
0.865 1 1 0.927 0.444
0.868 1 1 0.929 0.447
0.863 1 1 0.927 0.446
0.861 1 1 0.925 0.449
0.85 1 1 0.919 0.427
0.853 1 1 0.921 0.429
0.851 1 1 0.92 0.433

deeplearningbefore1
prec  pd    pf    F1    ROC
0.745 0.84 0.54 0.79 0.676
0.77 0.859 0.505 0.812 0.7
0.769 0.852 0.521 0.809 0.692
0.763 0.82 0.51 0.79 0.668
0.759 0.818 0.512 0.787 0.672
0.755 0.811 0.503 0.782 0.665
0.758 0.797 0.486 0.777 0.667
0.754 0.798 0.489 0.776 0.671
0.75 0.805 0.504 0.777 0.67
0.748 0.798 0.497 0.772 0.665

deeplearningbefore30
prec  pd    pf    F1    ROC
0.903 1 1 0.949 0.5
0.896 1 1 0.945 0.481
0.907 1 1 0.951 0.445
0.915 1 1 0.956 0.43
0.917 1 1 0.956 0.435
0.912 1 1 0.954 0.432
0.908 1 1 0.952 0.434
0.902 1 1 0.949 0.423
0.906 1 1 0.951 0.416
0.902 1 1 0.948 0.412

deeplearningbefore7
prec  pd    pf    F1    ROC
0.771 1 1 0.871 0.5
0.785 1 1 0.879 0.479
0.792 1 1 0.884 0.477
0.804 1 1 0.891 0.457
0.805 1 1 0.892 0.461
0.803 1 1 0.891 0.463
0.802 1 1 0.89 0.467
0.794 1 1 0.885 0.455
0.8 1 1 0.889 0.448
0.798 1 1 0.888 0.45

deeplearningbefore90
prec  pd    pf    F1    ROC
0.972 1 1 0.986 0.5
0.962 1 1 0.981 0.429
0.954 1 1 0.976 0.413
0.958 1 1 0.979 0.402
0.961 1 1 0.98 0.403
0.956 1 1 0.977 0.389
0.954 1 1 0.977 0.395
0.951 1 1 0.975 0.396
0.952 1 1 0.975 0.398
0.95 1 1 0.974 0.4

hadoopbefore14
prec  pd    pf    F1    ROC
0 0 0 0 0.5
0 0 0 0 0.476
0 0 0 0 0.479
0 0 0 0 0.473
0 0 0 0 0.473
0 0 0 0 0.473
0 0 0 0 0.474
0 0 0 0 0.468
0 0 0 0 0.468
0 0 0 0 0.461

hadoopbefore1
prec  pd    pf    F1    ROC
0 0 0 0 0.5
0 0 0 0 0.417
0 0 0 0 0.417
0 0 0 0 0.425
0 0 0 0 0.375
0 0 0 0 0.381
0 0 0 0 0.362
0 0 0 0 0.368
0 0 0 0 0.372
0 0 0 0 0.375

hadoopbefore30
prec  pd    pf    F1    ROC
0 0 0 0 0.5
0 0 0 0 0.486
0 0 0 0 0.47
0 0 0 0 0.474
0 0 0 0 0.472
0 0 0 0 0.474
0 0 0 0 0.476
0 0 0 0 0.478
0 0 0 0 0.477
0 0 0 0 0.473

hadoopbefore7
prec  pd    pf    F1    ROC
0 0 0 0 0.5
0 0 0 0 0.46
0 0 0 0 0.433
0 0 0 0 0.441
0 0 0 0 0.42
0 0 0 0 0.413
0 0 0 0 0.412
0 0 0 0 0.415
0 0 0 0 0.419
0 0 0 0 0.416

hadoopbefore90
prec  pd    pf    F1    ROC
0 0 0 0 0.5
0 0 0 0 0.491
0.591 0.057 0.009 0.103 0.568
0.591 0.042 0.007 0.079 0.548
0.557 0.059 0.011 0.106 0.563
0.557 0.049 0.009 0.089 0.551
0.557 0.041 0.008 0.077 0.54
0.564 0.058 0.011 0.106 0.549
0.564 0.052 0.01 0.096 0.543
0.564 0.047 0.009 0.086 0.538

hivebefore14
prec  pd    pf    F1    ROC
0.333 0.222 0.007 0.267 0.608
0.462 0.3 0.006 0.364 0.646
0.524 0.367 0.006 0.431 0.658
0.538 0.341 0.005 0.418 0.64
0.485 0.327 0.006 0.39 0.631
0.538 0.368 0.005 0.438 0.634
0.574 0.38 0.005 0.458 0.643
0.571 0.4 0.005 0.471 0.648
0.574 0.393 0.005 0.467 0.647
0.559 0.388 0.005 0.458 0.647

hivebefore1
prec  pd    pf    F1    ROC
0 0 0 0 0.5
0 0 0 0 0.349
0 0 0 0 0.374
0 0 0 0 0.347
0 0 0 0 0.366
0 0 0 0 0.305
0 0 0 0 0.328
0 0 0 0 0.334
0 0 0 0 0.327
0 0 0 0 0.294

hivebefore30
prec  pd    pf    F1    ROC
0 0 0 0 0.5
0 0 0 0 0.473
0 0 0 0 0.475
0 0 0 0 0.446
0 0 0 0 0.451
0 0 0 0 0.454
0 0 0 0 0.455
0 0 0 0 0.457
0 0 0 0 0.457
0 0 0 0 0.46

hivebefore7
prec  pd    pf    F1    ROC
0 0 0 0 0.5
0 0 0 0 0.472
0 0 0 0 0.474
0 0 0 0 0.478
0 0 0 0 0.46
0 0 0 0 0.465
0 0 0 0 0.423
0 0 0 0 0.419
0 0 0 0 0.403
0 0 0 0 0.404

hivebefore90
prec  pd    pf    F1    ROC
0.61 0.538 0.092 0.571 0.829
0.623 0.49 0.086 0.549 0.834
0.605 0.487 0.091 0.54 0.821
0.613 0.505 0.094 0.554 0.819
0.62 0.497 0.092 0.551 0.823
0.641 0.54 0.094 0.586 0.828
0.633 0.552 0.099 0.59 0.823
0.621 0.56 0.105 0.589 0.814
0.617 0.575 0.109 0.595 0.816
0.624 0.57 0.106 0.596 0.816

kafkabefore14
prec  pd    pf    F1    ROC
0.814 0.905 0.542 0.857 0.744
0.806 0.884 0.535 0.843 0.761
0.818 0.893 0.547 0.854 0.778
0.821 0.876 0.519 0.847 0.763
0.806 0.893 0.567 0.848 0.765
0.807 0.887 0.548 0.845 0.763
0.801 0.883 0.558 0.84 0.743
0.808 0.891 0.568 0.847 0.736
0.804 0.897 0.584 0.848 0.736
0.806 0.896 0.581 0.848 0.737

kafkabefore1
prec  pd    pf    F1    ROC
0.68 0.5 0.151 0.576 0.735
0.663 0.504 0.166 0.573 0.728
0.615 0.49 0.194 0.545 0.711
0.612 0.485 0.188 0.541 0.699
0.611 0.488 0.189 0.542 0.705
0.611 0.494 0.185 0.546 0.712
0.6 0.482 0.188 0.535 0.702
0.603 0.471 0.19 0.529 0.689
0.609 0.472 0.186 0.532 0.691
0.601 0.477 0.196 0.532 0.691

kafkabefore30
prec  pd    pf    F1    ROC
0.836 0.986 0.794 0.905 0.726
0.809 0.989 0.808 0.89 0.744
0.819 0.983 0.841 0.894 0.739
0.817 0.984 0.84 0.893 0.733
0.829 0.981 0.805 0.899 0.745
0.829 0.973 0.783 0.896 0.748
0.826 0.969 0.778 0.892 0.742
0.836 0.968 0.779 0.897 0.743
0.837 0.969 0.774 0.898 0.747
0.841 0.971 0.772 0.901 0.752

kafkabefore7
prec  pd    pf    F1    ROC
0.802 0.856 0.446 0.828 0.767
0.792 0.824 0.405 0.808 0.774
0.789 0.808 0.399 0.798 0.747
0.785 0.816 0.417 0.8 0.737
0.777 0.826 0.427 0.801 0.728
0.762 0.83 0.45 0.795 0.733
0.749 0.835 0.478 0.79 0.72
0.753 0.836 0.493 0.793 0.714
0.749 0.84 0.501 0.792 0.71
0.752 0.838 0.497 0.793 0.712

kafkabefore90
prec  pd    pf    F1    ROC
0.885 0.98 0.76 0.93 0.753
0.897 0.977 0.756 0.935 0.75
0.913 0.981 0.729 0.946 0.759
0.912 0.982 0.725 0.946 0.779
0.918 0.977 0.691 0.947 0.79
0.916 0.974 0.689 0.944 0.791
0.916 0.976 0.691 0.945 0.797
0.922 0.979 0.687 0.949 0.801
0.921 0.979 0.68 0.949 0.808
0.923 0.979 0.677 0.95 0.807

nodebefore14
prec  pd    pf    F1    ROC
0.76 1 1 0.864 0.5
0.768 1 1 0.869 0.489
0.763 1 1 0.865 0.485
0.767 1 1 0.868 0.482
0.763 1 1 0.866 0.479
0.76 1 1 0.864 0.479
0.762 1 1 0.865 0.478
0.761 1 1 0.865 0.479
0.764 1 1 0.866 0.477
0.766 1 1 0.867 0.477

nodebefore1
prec  pd    pf    F1    ROC
0.584 0.328 0.151 0.42 0.658
0.568 0.342 0.177 0.427 0.636
0.56 0.33 0.169 0.415 0.634
0.557 0.326 0.165 0.411 0.63
0.565 0.31 0.154 0.4 0.631
0.565 0.293 0.144 0.386 0.627
0.554 0.293 0.152 0.383 0.624
0.552 0.299 0.155 0.388 0.627
0.547 0.298 0.159 0.386 0.623
0.546 0.304 0.163 0.391 0.625

nodebefore30
prec  pd    pf    F1    ROC
0.857 1 1 0.923 0.5
0.853 1 1 0.92 0.492
0.846 1 1 0.917 0.479
0.845 1 1 0.916 0.482
0.84 1 1 0.913 0.472
0.837 1 1 0.911 0.47
0.837 1 1 0.911 0.472
0.836 1 1 0.91 0.473
0.837 1 1 0.911 0.473
0.839 1 1 0.912 0.471

nodebefore7
prec  pd    pf    F1    ROC
0.679 0.944 0.88 0.79 0.543
0.681 0.972 0.938 0.801 0.526
0.681 0.962 0.922 0.797 0.543
0.686 0.951 0.902 0.797 0.56
0.687 0.943 0.883 0.795 0.567
0.687 0.943 0.884 0.795 0.572
0.692 0.942 0.878 0.798 0.572
0.695 0.94 0.866 0.799 0.574
0.698 0.937 0.86 0.8 0.579
0.699 0.939 0.866 0.801 0.581

nodebefore90
prec  pd    pf    F1    ROC
0.95 1 1 0.974 0.5
0.941 1 1 0.97 0.46
0.933 1 1 0.966 0.442
0.932 1 1 0.965 0.449
0.929 1 1 0.963 0.452
0.928 1 1 0.963 0.457
0.928 1 1 0.963 0.46
0.926 1 1 0.961 0.455
0.928 1 1 0.962 0.451
0.928 1 1 0.963 0.451

ofbizbefore14
prec  pd    pf    F1    ROC
0.544 0.786 0.66 0.643 0.564
0.536 0.743 0.626 0.623 0.555
0.549 0.741 0.611 0.631 0.564
0.559 0.707 0.59 0.624 0.564
0.562 0.673 0.554 0.613 0.571
0.566 0.663 0.537 0.611 0.579
0.568 0.662 0.53 0.612 0.582
0.573 0.656 0.513 0.612 0.589
0.572 0.659 0.517 0.612 0.588
0.575 0.651 0.501 0.611 0.591

ofbizbefore1
prec  pd    pf    F1    ROC
0 0 0 0 0.5
0 0 0 0 0.477
0 0 0 0 0.479
0 0 0 0 0.478
0 0 0 0 0.474
0 0 0 0 0.475
0 0 0 0 0.476
0 0 0 0 0.478
0 0 0 0 0.479
0 0 0 0 0.474

ofbizbefore30
prec  pd    pf    F1    ROC
0.605 0.909 0.833 0.726 0.551
0.61 0.893 0.778 0.725 0.568
0.605 0.902 0.805 0.724 0.569
0.613 0.863 0.77 0.717 0.564
0.615 0.857 0.762 0.716 0.564
0.62 0.85 0.748 0.717 0.568
0.621 0.86 0.757 0.721 0.568
0.624 0.853 0.739 0.721 0.577
0.626 0.849 0.733 0.721 0.579
0.623 0.853 0.734 0.72 0.58

ofbizbefore7
prec  pd    pf    F1    ROC
0.568 0.485 0.268 0.523 0.656
0.538 0.438 0.265 0.483 0.613
0.551 0.448 0.271 0.494 0.615
0.562 0.468 0.286 0.511 0.608
0.567 0.442 0.266 0.497 0.611
0.559 0.447 0.276 0.497 0.61
0.562 0.44 0.266 0.493 0.612
0.565 0.453 0.272 0.503 0.614
0.559 0.446 0.273 0.496 0.609
0.557 0.442 0.27 0.493 0.611

ofbizbefore90
prec  pd    pf    F1    ROC
0.667 0.973 0.938 0.791 0.528
0.668 0.987 0.969 0.797 0.516
0.669 0.979 0.957 0.795 0.512
0.68 0.975 0.945 0.802 0.513
0.685 0.972 0.94 0.804 0.515
0.688 0.972 0.934 0.806 0.516
0.689 0.976 0.943 0.808 0.514
0.688 0.979 0.95 0.808 0.515
0.688 0.978 0.95 0.808 0.513
0.686 0.98 0.955 0.808 0.514

qpidbefore14
prec  pd    pf    F1    ROC
0 0 0 0 0.5
0 0 0 0 0.488
0 0 0 0 0.479
0 0 0 0 0.48
0 0 0 0 0.471
0 0 0 0 0.46
0 0 0 0 0.456
0 0 0 0 0.458
0 0 0 0 0.458
0 0 0 0 0.458

qpidbefore1
prec  pd    pf    F1    ROC
0 0 0 0 0.5
0 0 0 0 0.5
0 0 0 0 0.448
0 0 0 0 0.448
0 0 0 0 0.448
0 0 0 0 0.446
0 0 0 0 0.448
0 0 0 0 0.448
0 0 0 0 0.449
0 0 0 0 0.449

qpidbefore30
prec  pd    pf    F1    ROC
0 0 0 0 0.5
0 0 0 0 0.467
0 0 0 0 0.471
0 0 0 0 0.475
0 0 0 0 0.473
0 0 0 0 0.469
0 0 0 0 0.467
0 0 0 0 0.469
0 0 0 0 0.47
0 0 0 0 0.466

qpidbefore7
prec  pd    pf    F1    ROC
0 0 0 0 0.5
0 0 0 0 0.496
0 0 0 0 0.497
0 0 0 0 0.492
0 0 0 0 0.474
0 0 0 0 0.468
0 0 0 0 0.461
0 0 0 0 0.463
0 0 0 0 0.461
0 0 0 0 0.46

qpidbefore90
prec  pd    pf    F1    ROC
0.597 0.355 0.068 0.446 0.652
0.583 0.335 0.068 0.425 0.653
0.605 0.334 0.064 0.431 0.665
0.598 0.32 0.062 0.417 0.664
0.614 0.323 0.059 0.423 0.666
0.616 0.32 0.057 0.422 0.666
0.614 0.307 0.056 0.409 0.663
0.599 0.304 0.058 0.403 0.66
0.611 0.313 0.057 0.414 0.664
0.607 0.309 0.057 0.409 0.663

