dataset               | prec   pd     pf     F1     ROC
----------------------+--------------------------------
camelbefore1          | 0.65   0.40   0.04   0.50   0.76
camelbefore14         | 0.73   0.78   0.10   0.75   0.88
camelbefore30         | 0.82   0.80   0.07   0.81   0.89
camelbefore7          | 0.74   0.70   0.07   0.72   0.87
camelbefore90         | 0.89   0.70   0.05   0.79   0.86
----------------------+--------------------------------
cloudstackbefore1     | 0.66   0.60   0.24   0.63   0.67
cloudstackbefore14    | 0.81   0.96   0.83   0.88   0.71
cloudstackbefore30    | 0.85   1.00   1.00   0.92   0.46
cloudstackbefore7     | 0.76   0.93   0.77   0.83   0.68
cloudstackbefore90    | 0.94   1.00   1.00   0.97   0.43
----------------------+--------------------------------
cocoonbefore1         | 0.00   0.00   0.00   0.00   0.45
cocoonbefore14        | 0.00   0.00   0.00   0.00   0.46
cocoonbefore30        | 0.53   0.96   0.14   0.68   0.90
cocoonbefore7         | 0.00   0.00   0.00   0.00   0.47
cocoonbefore90        | 0.67   0.95   0.11   0.78   0.91
----------------------+--------------------------------
combinedbefore1       | 0.51   0.15   0.03   0.23   0.79
combinedbefore14      | 0.71   0.64   0.11   0.68   0.83
combinedbefore30      | 0.75   0.75   0.13   0.75   0.83
combinedbefore7       | 0.66   0.63   0.11   0.64   0.83
combinedbefore90      | 0.79   0.72   0.15   0.75   0.83
----------------------+--------------------------------
deeplearningbefore1   | 0.78   0.77   0.41   0.78   0.66
deeplearningbefore14  | 0.86   1.00   1.00   0.92   0.45
deeplearningbefore30  | 0.91   1.00   1.00   0.95   0.44
deeplearningbefore7   | 0.80   1.00   1.00   0.89   0.47
deeplearningbefore90  | 0.96   1.00   1.00   0.98   0.41
----------------------+--------------------------------
hadoopbefore1         | 0.00   0.00   0.00   0.00   0.40
hadoopbefore14        | 0.00   0.00   0.00   0.00   0.47
hadoopbefore30        | 0.00   0.00   0.00   0.00   0.48
hadoopbefore7         | 0.00   0.00   0.00   0.00   0.43
hadoopbefore90        | 0.32   0.02   0.00   0.03   0.51
----------------------+--------------------------------
hivebefore1           | 0.00   0.00   0.00   0.00   0.35
hivebefore14          | 0.52   0.35   0.01   0.42   0.64
hivebefore30          | 0.00   0.00   0.00   0.00   0.46
hivebefore7           | 0.00   0.00   0.00   0.00   0.45
hivebefore90          | 0.62   0.53   0.09   0.57   0.82
----------------------+--------------------------------
kafkabefore1          | 0.63   0.48   0.17   0.55   0.71
kafkabefore14         | 0.81   0.90   0.56   0.85   0.75
kafkabefore30         | 0.83   0.97   0.76   0.89   0.75
kafkabefore7          | 0.78   0.83   0.43   0.80   0.73
kafkabefore90         | 0.91   0.98   0.71   0.94   0.78
----------------------+--------------------------------
nodebefore1           | 0.56   0.31   0.16   0.40   0.63
nodebefore14          | 0.76   1.00   1.00   0.87   0.48
nodebefore30          | 0.84   1.00   1.00   0.91   0.48
nodebefore7           | 0.69   0.95   0.89   0.80   0.56
nodebefore90          | 0.93   1.00   1.00   0.96   0.46
----------------------+--------------------------------
ofbizbefore1          | 0.00   0.00   0.00   0.00   0.48
ofbizbefore14         | 0.56   0.70   0.57   0.62   0.57
ofbizbefore30         | 0.62   0.87   0.77   0.72   0.57
ofbizbefore7          | 0.54   0.43   0.27   0.48   0.61
ofbizbefore90         | 0.67   1.00   1.00   0.81   0.49
----------------------+--------------------------------
qpidbefore1           | 0.00   0.00   0.00   0.00   0.46
qpidbefore14          | 0.00   0.00   0.00   0.00   0.47
qpidbefore30          | 0.00   0.00   0.00   0.00   0.47
qpidbefore7           | 0.00   0.00   0.00   0.00   0.48
qpidbefore90          | 0.53   0.19   0.05   0.27   0.64
